0.03929347208542711 0.14725880760961038
0.11788041625628135 4.957713189523549
0.19646736042713556 16.086552143273835
0.2750543045979898 10.329153505188383
0.353641248768844 5.1475134304426025
0.4322281929396982 3.38159770928978
0.5108151371105525 2.862484667919119
0.5894020812814067 2.5367783924215543
0.6679890254522609 2.455757173960267
0.7465759696231151 2.3328895310785644
0.8251629137939693 2.164003239444084
0.9037498579648235 1.870827112327311
0.9823368021356779 1.3265073389473703
1.060923746306532 0.9146408161530243
1.1395106904773862 0.7713314784793042
1.2180976346482404 1.0255863407391899
1.2966845788190948 1.2043985507222377
1.375271522989949 1.4927835697111358
1.4538584671608032 1.7969554496145697
1.5324454113316575 2.121282002950746
1.6110323555025117 2.360810103458461
1.6896192996733659 2.458537162393937
1.76820624384422 2.3315977871521643
1.8467931880150743 2.06600973910164
1.9253801321859285 1.5888924812898166
2.003967076356783 1.1234980792333211
2.082554020527637 0.7607445570473835
2.1611409646984914 0.6166127889544232
2.2397279088693454 0.6161618528928434
2.3183148530402 0.7837163659223331
2.396901797211054 1.037571073944435
2.475488741381908 1.328134198155248
2.554075685552762 1.565474400896012
2.6326626297236166 1.7565558065910536
2.7112495738944706 1.8855529930882724
2.789836518065325 1.8842905170891693
2.868423462236179 1.7390660005513028
2.9470104064070335 1.5605506705082444
3.0255973505778875 1.2801954001801714
3.104184294748742 1.0884103514335632
3.1827712389195963 1.0051777126833774
3.2613581830904503 1.0678924855448735
3.3399451272613048 1.080186665230495
3.4185320714321588 1.1046103200693305
3.497119015603013 1.063903520145837
3.575705959773867 0.9921359884115619
3.6542929039447216 0.9641493328332447
3.7328798481155756 1.050342821434442
3.81146679228643 1.253521623126343
3.890053736457284 1.428707926353846
3.9686406806281385 1.5877707077907495
4.0472276247989925 1.6502994332405172
4.125814568969846 1.6257372360100988
4.204401513140701 1.5067190894486113
4.282988457311555 1.3747758038856837
4.361575401482409 1.213094177281331
4.440162345653264 1.052574680586569
4.518749289824118 0.8820162320130402
4.597336233994972 0.7252181619201495
4.675923178165826 0.6421226493161918
4.754510122336681 0.7045299481421772
4.833097066507535 0.9199485184327204
4.911684010678389 1.189262130255213
4.990270954849243 1.5123595493324002
5.068857899020098 1.6628829848443367
5.147444843190952 1.7026940143990599
5.226031787361806 1.6045673984048676
5.30461873153266 1.405503508185059
5.383205675703515 1.2203133159065012
5.461792619874369 1.0561316928490692
5.540379564045223 0.9729525189298798
5.618966508216077 0.8819051946634289
5.697553452386932 0.8465858070577325
5.7761403965577856 0.8803472117505144
5.8547273407286395 0.9303001047176258
5.933314284899494 1.0470003698654153
6.011901229070348 1.1319678668605409
6.090488173241202 1.2022019041883936
6.169075117412056 1.2548889089229156
6.247662061582911 1.283559631862635
6.326249005753765 1.3132558755644632
6.404835949924619 1.3251485828329845
6.483422894095473 1.3264894893949328
6.562009838266328 1.2957011491111465
6.640596782437182 1.275487825910933
6.719183726608036 1.190643435093844
6.79777067077889 1.085799624201266
6.876357614949745 0.9480942773357028
6.954944559120599 0.8500244278798809
7.033531503291453 0.8179033884104728
7.112118447462308 0.8156998923171015
7.190705391633162 0.8545034306046189
7.269292335804016 0.9799476651253586
7.34787927997487 1.1579897143846636
7.426466224145725 1.3621829277454065
7.505053168316579 1.4937902604378017
7.583640112487433 1.5677340517899816
7.662227056658287 1.5058157044798106
7.7408140008291415 1.349996987527697
7.8194009449999955 1.134336814998853
7.8979878891708495 0.9368151108975563
7.9765748333417035 0.8254472767437224
8.055161777512557 0.779394176860621
8.133748721683412 0.7961223748594926
8.212335665854267 0.8622743002518716
8.29092261002512 0.9388272416893265
8.369509554195975 1.0606090927413299
8.44809649836683 1.1477967897310932
8.526683442537683 1.2793872349603619
8.605270386708538 1.3571344812715826
8.683857330879391 1.3829001326379429
8.762444275050246 1.3360930288633392
8.841031219221101 1.2091584313722452
8.919618163391954 1.1119013050346793
8.998205107562809 1.0467593319953004
9.076792051733664 1.019655682993817
9.155378995904517 1.0447791195684415
9.233965940075372 1.0367020055716571
9.312552884246225 1.0093131100466293
9.39113982841708 0.929209237473027
9.469726772587935 0.8798255480376679
9.548313716758788 0.8670695552585618
9.626900660929643 0.9547780240321065
9.705487605100497 1.0838725191670917
9.78407454927135 1.2189953985740118
9.862661493442205 1.3287320616503806
9.94124843761306 1.3610671767364144
10.019835381783913 1.3636743070169959
10.098422325954768 1.2987997634579915
10.177009270125621 1.217472141831887
10.255596214296476 1.1184334648449452
10.334183158467331 0.9916732857695092
10.412770102638184 0.8673265921399242
10.49135704680904 0.756700689289833
10.569943990979894 0.7331736841321604
10.648530935150747 0.7857425675405779
10.727117879321602 0.9359295131261354
10.805704823492457 1.110117214747212
10.88429176766331 1.256590770927206
10.962878711834165 1.371934833762223
11.041465656005018 1.3847568442264573
11.120052600175873 1.3303766551784129
11.198639544346728 1.2391441137170793
11.27722648851758 1.1521077582112167
11.355813432688436 1.0425821669550996
11.43440037685929 0.9618378543765859
11.512987321030144 0.9184325768798705
11.591574265200999 0.8977296257800792
11.670161209371852 0.9161778609462562
11.748748153542707 0.9653578220588538
11.827335097713561 0.9935811042337466
11.905922041884414 1.0250768218158093
11.98450898605527 1.0541799361797484
12.063095930226124 1.073406383285948
12.141682874396977 1.1249810396221562
12.220269818567832 1.1703997448534884
12.298856762738687 1.224835717989967
12.37744370690954 1.2668932337207752
12.456030651080395 1.2459860371309053
12.534617595251248 1.2068297828645906
12.613204539422103 1.1307274423556624
12.691791483592958 1.0344589302359317
12.770378427763811 0.939148709330583
12.848965371934666 0.8784640856393487
12.92755231610552 0.8272453745412824
13.006139260276374 0.812459318600213
13.084726204447229 0.8478215794268618
13.163313148618082 0.9380166255467092
13.241900092788937 1.0830295390516893
13.320487036959792 1.2488763182230969
13.399073981130645 1.3669590311069226
13.4776609253015 1.4118813839794886
13.556247869472354 1.345177194729528
13.634834813643208 1.219319902086261
13.713421757814062 1.0683225644320131
13.792008701984917 0.9510989084073695
13.87059564615577 0.8767530763544423
13.949182590326625 0.8429011184865586
14.027769534497478 0.859958437267551
14.106356478668333 0.8917976981171419
14.184943422839188 0.937765298653001
14.263530367010041 0.9979928170809984
14.342117311180896 1.0776117126719709
14.420704255351751 1.1604957040014034
14.499291199522604 1.2334222132222838
14.577878143693459 1.2482069333960695
14.656465087864314 1.1948887590113852
14.735052032035167 1.1436315344039154
14.813638976206022 1.0961601904372669
14.892225920376875 1.0675680733196977
14.97081286454773 1.0590265954076967
15.049399808718585 1.0776038122387859
15.127986752889438 1.031232392717586
15.206573697060293 0.9578671741490239
15.285160641231148 0.9027457031018967
15.363747585402 0.8536868010452784
15.442334529572856 0.8536514389216651
15.520921473743709 0.9352239108087814
15.599508417914564 1.039380112853625
15.678095362085418 1.1488770481402408
15.756682306256272 1.2451999123258528
15.835269250427126 1.2751224194404376
15.913856194597981 1.281842469992396
15.992443138768834 1.2769545692791104
16.07103008293969 1.1909961117159662
16.149617027110544 1.0757417128153142
16.2282039712814 0.950692878279671
16.30679091545225 0.8486010563816463
16.385377859623105 0.781072015997449
16.46396480379396 0.7932997148840394
16.542551747964815 0.8515826437205639
16.62113869213567 0.9582614511258003
16.69972563630652 1.0816072796097878
16.778312580477376 1.1810018422929993
16.85689952464823 1.2319967048756473
16.935486468819086 1.2473606840398272
17.01407341298994 1.2424154179201583
17.092660357160796 1.2010902285032128
17.171247301331647 1.1174146591154874
17.2498342455025 1.0361787168703565
17.328421189673357 0.9752139401901748
17.40700813384421 0.9337471570550688
17.485595078015066 0.941794531363935
17.564182022185918 0.9646934369647028
17.642768966356773 0.976466921817579
17.721355910527627 0.9723652529078042
17.799942854698482 0.9782145780548334
17.878529798869337 0.9759213372879542
17.957116743040192 1.0078044785116353
18.035703687211043 1.0501253356596443
18.1142906313819 1.1430925011518238
18.192877575552753 1.2037691901530312
18.271464519723608 1.2369106467991744
18.350051463894463 1.2205453246563573
18.428638408065314 1.166013449763431
18.50722535223617 1.1018773156232482
18.585812296407024 1.0268889027897228
18.66439924057788 0.9560661827100578
18.742986184748734 0.8883688569757122
18.82157312891959 0.833964441341524
18.90016007309044 0.8136278733956354
18.978747017261295 0.8453814114698294
19.05733396143215 0.9358676756600042
19.135920905603005 1.0678229018328091
19.21450784977386 1.213936563098365
19.29309479394471 1.2983368190264832
19.371681738115566 1.3169358151521526
19.45026868228642 1.2560135065207576
19.528855626457275 1.1494779559788402
19.60744257062813 1.0436783546936832
19.686029514798985 0.9684985450572178
19.764616458969837 0.9192404175217009
19.84320340314069 0.8984245272182367
19.921790347311546 0.8962746124689068
20.0003772914824 0.9062058213665669
20.078964235653256 0.9392287783977339
20.157551179824107 0.9883276307990031
20.236138123994962 1.0397043696102994
20.314725068165817 1.1062639900869744
20.393312012336672 1.1369855372894617
20.471898956507527 1.15096466500402
20.550485900678378 1.1424242562050346
20.629072844849233 1.1185779026026006
20.707659789020088 1.1057264280682906
20.786246733190943 1.0958115239229325
20.864833677361798 1.1080185309292605
20.943420621532653 1.0727514037271957
21.022007565703504 1.0155903223124851
21.10059450987436 0.9442388309910085
21.179181454045214 0.8820228840201597
21.25776839821607 0.8629475004893674
21.336355342386923 0.8670641983231056
21.414942286557775 0.9219211955302581
21.49352923072863 1.0056134368280414
21.572116174899485 1.0856917116223297
21.65070311907034 1.1817318867648172
21.729290063241194 1.2626976743639247
21.80787700741205 1.2716262366663398
21.8864639515829 1.2288840027486372
21.965050895753755 1.1680600231502904
22.04363783992461 1.0495274339848575
22.122224784095465 0.942064027295797
22.20081172826632 0.8614770562691065
22.27939867243717 0.8298696083862224
22.357985616608026 0.837615344162573
22.43657256077888 0.8958287112307227
22.515159504949736 0.9585700288011968
22.59374644912059 1.032578758958588
22.672333393291446 1.1042368854150801
22.750920337462297 1.1654301107245555
22.829507281633152 1.1894760483853728
22.908094225804007 1.2003992406242066
22.98668116997486 1.171575969874613
23.065268114145717 1.1029358563128653
23.143855058316568 1.0414872917815858
23.222442002487423 0.9822486387103976
23.301028946658278 0.9643837763101549
23.379615890829132 0.9893811921011401
23.458202834999987 0.989125324144954
23.536789779170842 0.9810288343341406
23.615376723341694 0.9486799522510639
23.69396366751255 0.9272176463220045
23.772550611683403 0.9270246192759705
23.851137555854258 0.9703797439171014
23.929724500025113 1.034849784773152
24.008311444195964 1.1263009160740283
24.08689838836682 1.1957991721355932
24.165485332537674 1.2092462279513079
24.24407227670853 1.195636503405355
24.322659220879384 1.1559697448398347
24.401246165050235 1.0957857487343148
24.47983310922109 1.0311662089838287
24.558420053391945 0.9636145141788552
24.6370069975628 0.8943095496265939
24.715593941733655 0.831532325703997
24.79418088590451 0.8171580266958013
24.87276783007536 0.8580326383989352
24.951354774246216 0.9465146822970469
25.02994171841707 1.055732374555053
25.108528662587926 1.1758581219832176
25.18711560675878 1.257213454982204
25.265702550929632 1.239447382244497
25.344289495100487 1.198755186410884
25.42287643927134 1.1268826620648253
25.501463383442196 1.0425878198542355
25.58005032761305 0.9882400594237569
25.658637271783906 0.9523788610978661
25.737224215954758 0.9194120514801551
25.815811160125612 0.9217011699425264
25.894398104296467 0.9332945915968113
25.972985048467322 0.9482709751744426
26.051571992638177 0.9777051964053451
26.13015893680903 1.0154214470584488
26.208745880979883 1.0473479121727594
26.287332825150738 1.0772124853212424
26.365919769321593 1.0870377434454874
26.444506713492448 1.1045066999283675
26.523093657663303 1.124642783864152
26.601680601834154 1.1325007116978383
26.68026754600501 1.1211188218808836
26.758854490175864 1.1228213781393568
26.83744143434672 1.0672921660748071
26.916028378517574 1.0048425088012274
26.994615322688425 0.9363688139182271
27.07320226685928 0.8826551867433511
27.151789211030135 0.8649483682273887
27.23037615520099 0.8748830630451484
27.308963099371844 0.9046352217111245
27.3875500435427 0.9840353261442197
27.46613698771355 1.0582620432980772
27.544723931884405 1.1633025661907836
27.62331087605526 1.2313182402429752
27.701897820226115 1.2565667160537506
27.78048476439697 1.2168118162027495
27.85907170856782 1.1339758983162056
27.937658652738676 1.0308530762792587
28.01624559690953 0.9304980447736011
28.094832541080386 0.8825642550611222
28.17341948525124 0.867224986236513
28.252006429422092 0.8854166219431248
28.330593373592947 0.919438244405247
28.409180317763802 0.963516618641802
28.487767261934657 1.008570495428304
28.566354206105512 1.0591696079651343
28.644941150276367 1.1095112848786637
28.723528094447218 1.1487395684172943
28.802115038618073 1.1593266044649093
28.880701982788928 1.1355757763952525
28.959288926959783 1.0942907891934235
29.037875871130638 1.0432061022974726
29.11646281530149 1.0076000085590373
29.195049759472344 1.0116660263290649
29.2736367036432 1.022391216751609
29.352223647814053 1.0076484539444759
29.43081059198491 0.9696864686399991
29.509397536155763 0.9320051111174954
29.587984480326615 0.8927247421741175
29.66657142449747 0.898415257763427
29.745158368668324 0.9489147470537376
29.82374531283918 1.0263492651578905
29.902332257010034 1.1137680932439349
29.980919201180885 1.166065876560608
30.05950614535174 1.1997646669129656
30.138093089522595 1.1845214334136274
30.21668003369345 1.1575040162250336
30.295266977864305 1.1042882593469314
30.37385392203516 1.0333453429712929
30.45244086620601 0.9553771414982205
30.531027810376866 0.8816576229085037
30.60961475454772 0.8387513855761762
30.688201698718576 0.8292122715820032
30.76678864288943 0.8803556557095609
30.845375587060282 0.9607089572115894
30.923962531231137 1.062901723794653
31.00254947540199 1.1481707638185061
31.081136419572847 1.1878628923310746
31.1597233637437 1.1860554907977068
31.238310307914556 1.154397912936621
31.316897252085408 1.1071016929937572
31.395484196256263 1.0641522268549803
31.474071140427117 1.0102027739501225
31.552658084597972 0.9746955945766862
31.631245028768827 0.9395660716080506
31.70983197293968 0.9398287022460189
31.788418917110533 0.944713487631493
31.86700586128139 0.9574546147046554
31.945592805452243 0.9819246272231966
32.024179749623094 0.9859293369357056
32.10276669379395 0.9964031999347456
32.181353637964804 1.0251478529745954
32.25994058213566 1.0461473756188213
32.338527526306514 1.1010950793050065
32.417114470477365 1.1331609869440613
32.495701414648224 1.1491706973036788
32.574288358819075 1.1517272990330891
32.65287530298993 1.1079497506829927
32.731462247160785 1.0570459954632705
32.810049191331636 0.9956106257237061
32.888636135502495 0.9407497851485634
32.967223079673346 0.8980154508388682
33.045810023844204 0.8700526624630118
33.124396968015056 0.8629226378537537
33.20298391218591 0.899725173877984
33.281570856356765 0.9556175159695673
33.36015780052762 1.0601593449604954
33.438744744698475 1.15400030795268
33.51733168886933 1.2301548480466595
33.595918633040185 1.2277250974077025
33.674505577211036 1.1856481894831652
33.75309252138189 1.0981495573756022
33.831679465552746 1.0110916294375536
33.9102664097236 0.9464492494640383
33.988853353894456 0.9083910653458034
34.06744029806531 0.9102360736570506
34.14602724223616 0.9067177236786447
34.22461418640702 0.9355414602844764
34.30320113057787 0.952374831344628
34.38178807474873 0.9925075337107614
34.46037501891958 1.0377632092935416
34.53896196309043 1.075726427237849
34.61754890726129 1.1217577568091444
34.69613585143214 1.1178160925990208
34.774722795603 1.1074361514641378
34.85330973977385 1.0871750863940628
34.9318966839447 1.0497780576219413
35.01048362811556 1.0492892455127882
35.08907057228641 1.0435751826166388
35.16765751645727 1.0412596245334291
35.24624446062812 1.0070893592877979
35.32483140479897 0.9492214284949179
35.40341834896983 0.9020868620649095
35.48200529314068 0.8835691533882946
35.56059223731154 0.9028673434071216
35.63917918148239 0.9442747795562226
35.71776612565325 1.0102375404329265
35.7963530698241 1.090458744384667
35.87494001399495 1.1599090789088193
35.95352695816581 1.1825767413283246
36.03211390233666 1.1862443685184634
36.11070084650752 1.1524964612093163
36.18928779067837 1.0999641334965413
36.26787473484922 1.0233928726022166
36.34646167902008 0.9525336471033318
36.42504862319093 0.8802645421867682
36.50363556736179 0.8489335522433038
36.58222251153264 0.8613612122445278
36.66080945570349 0.9138569089599616
36.73939639987435 0.965797283447757
36.8179833440452 1.0457575578603078
36.89657028821606 1.105146770207587
36.97515723238691 1.141607865581411
37.053744176557764 1.1455579648595757
37.13233112072862 1.13880144551432
37.210918064899474 1.104503257202008
37.28950500907033 1.065849628776493
37.36809195324118 1.0214899075069166
37.44667889741204 0.983296350706984
37.52526584158289 0.9614689456420981
37.603852785753745 0.9652760982401745
37.6824397299246 0.9671018729990479
37.761026674095454 0.975156711619187
37.83961361826631 0.9604087923914006
37.918200562437164 0.9556257314960238
37.996787506608015 0.9610350393616641
38.075374450778874 0.9787315775522947
38.153961394949725 1.0295074043018322
38.232548339120584 1.091924815150891
38.311135283291435 1.142894485192495
38.389722227462286 1.1704738959807477
38.468309171633145 1.1513111739782622
38.546896115803996 1.1134927452462466
38.625483059974854 1.0504211933650325
38.704070004145706 0.9960226943527991
38.78265694831656 0.9430233225707229
38.861243892487416 0.9065276019914973
38.93983083665827 0.8701940496898479
39.018417780829125 0.8603592127169342
39.09700472499998 0.8914559816640474
39.17559166917083 0.953061366080012
39.254178613341686 1.0544261287217869
39.33276555751254 1.1446466835652913
39.411352501683396 1.204497764336235
39.48993944585425 1.207815274752257
39.568526390025106 1.1564569040102488
39.64711333419596 1.0824762894355602
39.72570027836681 1.0105945192453005
39.80428722253767 0.9595953750363267
39.88287416670852 0.9391920108973525
39.96146111087938 0.9335947767391582
40.04004805505023 0.9264876756290217
40.11863499922108 0.9392977321817705
40.19722194339194 0.9552389514148334
40.27580888756279 0.9798241890520037
40.35439583173365 1.0174049361187831
40.4329827759045 1.0423605218523997
40.51156972007535 1.0826593226778338
40.59015666424621 1.0907415687746107
40.66874360841706 1.0855464004048738
40.74733055258792 1.079277835559616
40.82591749675877 1.0837057697253154
40.90450444092962 1.071891343689781
40.98309138510048 1.078886077036278
41.06167832927133 1.047425828786099
41.14026527344219 0.9957480231459012
41.21885221761304 0.9416000496105449
41.2974391617839 0.8989512690223589
41.37602610595475 0.8768401934589336
41.4546130501256 0.8995489208728863
41.53319999429646 0.9324394261592821
41.61178693846731 1.0038072524761619
41.69037388263817 1.0665784720429525
41.76896082680902 1.14065314767335
41.84754777097987 1.1763005897619507
41.92613471515073 1.1963018465237711
42.00472165932158 1.1503819479399964
42.08330860349244 1.0935788294332736
42.16189554766329 1.016717077739307
42.24048249183414 0.9388947603314137
42.319069436005 0.8918250442281186
42.39765638017585 0.8679125682229437
42.47624332434671 0.886222848089807
42.55483026851756 0.9315649278062803
42.633417212688414 0.9839874241195165
42.71200415685927 1.0199331967345664
42.790591101030124 1.0662267879899148
42.86917804520098 1.1037256843128376
42.947764989371834 1.1168091801631688
43.026351933542685 1.1239814267028327
43.10493887771354 1.1051390933524516
43.183525821884395 1.060839586647904
43.26211276605525 1.0314670285236642
43.340699710226104 0.9924282378658557
43.41928665439696 0.9886996322676012
43.497873598567814 0.9878711445984539
43.576460542738666 0.9928616377444354
43.655047486909524 0.9708212515354009
43.733634431080375 0.9481985360422586
43.812221375251234 0.9250494531472943
43.890808319422085 0.9282841916038941
43.969395263592936 0.9650386845065193
44.047982207763795 1.0205784140944014
44.126569151934646 1.0932950208772274
44.205156096105505 1.1396391845087217
44.283743040276356 1.16536987871215
44.36232998444721 1.1515795274619036
44.440916928618066 1.104766562836025
44.51950387278892 1.061394175271281
44.598090816959775 1.002345941910842
44.67667776113063 0.9461605040556266
44.75526470530148 0.9061006384997309
44.83385164947234 0.872195461722828
44.91243859364319 0.8659539365417631
44.991025537814046 0.8903177480858417
45.0696124819849 0.964063742128444
45.148199426155756 1.0540347132662817
45.22678637032661 1.1345708999843829
45.30537331449746 1.1692706934490409
45.38396025866832 1.1702931558862455
45.46254720283917 1.126714429009573
45.54113414701003 1.0719526385166185
45.61972109118088 1.0179756572895875
45.69830803535173 0.9865960250494946
45.77689497952259 0.9642860649025191
45.85548192369344 0.954179027850549
45.9340688678643 0.9446104539111936
46.01265581203515 0.9460403789635679
46.091242756206 0.9569939389668032
46.16982970037686 0.96913841137392
46.24841664454771 0.9992329590950844
46.32700358871857 1.0181591365489915
46.40559053288942 1.0382307041163596
46.48417747706027 1.0576742489411137
46.56276442123113 1.0740697046840704
46.64135136540198 1.090037731407819
46.71993830957284 1.1053699393740726
46.79852525374369 1.1105984782466864
46.87711219791454 1.0885672241646211
46.9556991420854 1.0445147322682675
47.03428608625625 0.9844195928248464
47.11287303042711 0.9369172759382091
47.19145997459796 0.8943550945755695
47.27004691876882 0.8847034963571887
47.34863386293967 0.8972888539359363
47.42722080711052 0.9254368130581422
47.50580775128138 0.9860493606315971
47.58439469545223 1.0580259564407086
47.66298163962309 1.1239865377193552
47.74156858379394 1.1830033279301433
47.82015552796479 1.1816521048417512
47.89874247213565 1.1521461457718605
47.9773294163065 1.079729075352824
48.05591636047736 1.0059113086935463
48.13450330464821 0.9336689247535372
48.213090248819064 0.9048075602686336
48.29167719298992 0.8986022404792791
48.370264137160774 0.9213544567093576
48.44885108133163 0.9449883125144211
48.527438025502484 0.9736728511567257
48.606024969673335 1.00431221060446
48.68461191384419 1.0317268209981798
48.763198858015045 1.0746570436071206
48.8417858021859 1.0937905608499507
48.920372746356755 1.1032227713545044
48.99895969052761 1.0967179407788392
49.077546634698464 1.069495091839501
49.156133578869316 1.0338015603122641
49.234720523040174 1.0186243122065253
49.313307467211025 1.0152996099477585
49.391894411381884 1.0171518466107248
49.470481355552735 0.997464960614771
49.54906829972359 0.9653100948309283
49.627655243894445 0.9227635637883923
49.706242188065296 0.9025859010285486
49.784829132236155 0.9101221932658367
49.863416076407006 0.9538286012828633
49.94200302057786 1.0164912845650322
50.020589964748716 1.0921097225149807
50.09917690891957 1.1457197220443718
50.177763853090426 1.157036783110248
50.25635079726128 1.1411809206437953
50.33493774143213 1.114269806526115
50.41352468560299 1.0598387401296814
50.49211162977384 1.0052447739071917
50.570698573944696 0.9532461943095767
50.64928551811555 0.9002893974922689
50.7278724622864 0.8631693066027921
50.80645940645726 0.8778469939474988
50.88504635062811 0.9143464248859885
50.96363329479897 0.9804688966796851
51.04222023896982 1.0502194345319111
51.12080718314068 1.1024942073481074
51.19939412731153 1.1335085669087561
51.27798107148238 1.1390609821101074
51.35656801565324 1.0997427462248546
51.43515495982409 1.0789829454127542
51.51374190399495 1.0370457217816382
51.5923288481658 1.003053424110092
51.67091579233665 0.9752676467468417
51.74950273650751 0.9655347421947664
51.82808968067836 0.9535538103060516
51.90667662484922 0.9638261744689267
51.98526356902007 0.9653076409632243
52.06385051319092 0.9747977370142585
52.14243745736178 0.9699994252566724
52.22102440153263 0.9781353273548506
52.29961134570349 1.0072126272243502
52.37819828987434 1.032258832846932
52.45678523404519 1.0775153080552196
52.53537217821605 1.110014202670467
52.6139591223869 1.1309784359191273
52.69254606655776 1.1178601669079424
52.77113301072861 1.0886735093920614
52.84971995489947 1.0354538640053002
52.92830689907032 0.9804135015909324
53.00689384324117 0.9359721780625067
53.08548078741203 0.9036088194549741
53.16406773158288 0.8895389760482968
53.24265467575374 0.8945075968067756
53.32124161992459 0.9215449669134651
53.39982856409544 0.9743245183100322
53.4784155082663 1.0513694588850728
53.55700245243715 1.1220191994037605
53.63558939660801 1.1776605096176036
53.71417634077886 1.1760560207142643
53.792763284949714 1.1251261328232307
53.87135022912057 1.0647531435697064
53.949937173291424 0.9962868097352017
54.02852411746228 0.948164655571028
54.107111061633134 0.9283400559894742
54.185698005803985 0.9274741999505067
54.264284949974844 0.9430854975681947
54.342871894145695 0.9510491277572515
54.42145883831655 0.9697284872227085
54.500045782487405 0.9851157694928124
54.578632726658256 1.0144000885315148
54.657219670829114 1.048385313988477
54.735806614999966 1.075465005983927
54.814393559170824 1.0841520658014205
54.892980503341676 1.0835697300092986
54.971567447512534 1.0661579774955123
55.050154391683385 1.0470195819849042
55.12874133585424 1.0444879345442024
55.207328280025095 1.0455794582439233
55.285915224195946 1.0282997759519703
55.364502168366805 1.0007119111866707
55.443089112537656 0.9510455961049586
55.52167605670851 0.9087525481912814
55.600263000879366 0.8946258754312753
55.67884994505022 0.9033917351232054
55.757436889221076 0.9513707672735046
55.83602383339193 1.0136815470759506
55.91461077756278 1.0815605775481953
55.99319772173364 1.1295628929527068
56.07178466590449 1.1489798807331204
56.15037161007535 1.1435383220175546
56.2289585542462 1.1151227232005738
56.30754549841705 1.0677856372016328
56.38613244258791 1.0125761897744312
56.46471938675876 0.9457048754525328
56.54330633092962 0.8964878792100283
56.62189327510047 0.8801600681332773
56.70048021927133 0.8896962830922419
56.77906716344218 0.929228553318996
56.85765410761303 0.9898295372863534
56.93624105178389 1.0417976278032277
57.01482799595474 1.0744108150516205
57.0934149401256 1.0896949066885964
57.17200188429645 1.110301046735718
57.2505888284673 1.0984981484327883
57.32917577263816 1.0750700406125873
57.40776271680901 1.047402207498992
57.48634966097987 1.021027951216928
57.56493660515072 0.9931274710332502
57.64352354932157 0.9754114242831252
57.72211049349243 0.9724193759135638
57.80069743766328 0.9764530315595784
57.87928438183414 0.9680891984850121
57.95787132600499 0.9627131904398047
58.03645827017584 0.9490167136850625
58.1150452143467 0.9477333915570232
58.19363215851755 0.9741751800637385
58.27221910268841 1.0266610004297259
58.35080604685926 1.0838149075887116
58.42939299103011 1.125059270753531
58.50797993520097 1.138550904449213
58.58656687937182 1.1251619811743558
58.66515382354268 1.0829686910864031
58.74374076771353 1.0322497660372396
58.82232771188439 0.9827189137613687
58.90091465605524 0.9400102417438818
58.979501600226094 0.9026248724393465
59.05808854439695 0.8717368694782084
59.1366754885678 0.847975900510251
59.21526243273866 0.8451404785233968
59.29384937690951 0.8566578639630243
59.372436321080365 0.8723549389770904
59.45102326525122 0.8810028253276081
59.529610209422074 0.8813366735035374
59.60819715359293 0.8447044772955224
59.686784097763784 0.8003744013330766
59.765371041934635 0.7616988448309329
59.843957986105494 0.7391850678231847
59.922544930276345 0.7272171017101481
60.0011318744472 0.7387049550030225
60.079718818618055 0.7583009952349689
60.158305762788906 0.7682658392560432
60.236892706959765 0.7692039320383015
60.315479651130616 0.7702067341327405
60.394066595301474 0.7567588925083074
60.472653539472326 0.738973210636141
60.551240483643184 0.7213865922420173
60.629827427814035 0.6870677950376586
60.70841437198489 0.6562405283319925
60.787001316155745 0.6418561175377129
60.8655882603266 0.6453339172469704
60.944175204497455 0.6728236880241805
61.022762148668306 0.7013615559338339
61.10134909283916 0.7216060373662188
61.179936037010016 0.7156475398456255
61.25852298118087 0.6844464694162911
61.337109925351726 0.6548818977744493
61.41569686952258 0.6191841865709273
61.49428381369343 0.6017474763860826
61.57287075786429 0.5946455372758976
61.65145770203514 0.6044744107136365
61.730044646206 0.6091227940735399
61.80863159037685 0.6200035798073285
61.8872185345477 0.6319132553081351
61.96580547871856 0.6449973124932542
62.04439242288941 0.6422125401908164
62.12297936706027 0.6301112166217674
62.20156631123112 0.6066727982986956
62.28015325540198 0.5696732522013167
62.35874019957283 0.5414336120996072
62.43732714374368 0.5289825511866936
62.51591408791454 0.5366940263509274
62.59450103208539 0.5592229482952531
62.67308797625625 0.5909463635528733
62.7516749204271 0.6043235900512614
62.83026186459795 0.6039729281209173
62.90884880876881 0.5783104478230258
62.98743575293966 0.5559640072697204
63.06602269711052 0.531223532821734
63.14460964128137 0.5163588394520183
63.22319658545222 0.5100609451144311
63.30178352962308 0.5026635064717618
63.38037047379393 0.49917357865286216
63.45895741796479 0.512980387449478
63.53754436213564 0.5309422227858933
63.61613130630649 0.5539350612867747
63.69471825047735 0.5627811925610958
63.7733051946482 0.5512633009203388
63.85189213881906 0.5179432091647557
63.93047908298991 0.4812204230478036
64.00906602716077 0.4545045014730503
64.08765297133162 0.4419569977002102
64.16623991550247 0.45708845316080404
64.24482685967332 0.4770735033806393
64.32341380384419 0.49629906381367217
64.40200074801504 0.5133663056252543
64.48058769218589 0.5100844084183713
64.55917463635674 0.5023649523139782
64.6377615805276 0.4876817824289577
64.71634852469846 0.47153217946057263
64.79493546886931 0.45132279428636135
64.87352241304016 0.42603373382635
64.95210935721101 0.41030241391868283
65.03069630138187 0.41349027482937784
65.10928324555273 0.42913900433632257
65.18787018972358 0.461002617963395
65.26645713389443 0.4785157665214395
65.34504407806529 0.49377303848028226
65.42363102223614 0.47440331419651
65.502217966407 0.44609613230220235
65.58080491057785 0.4165686089677971
65.6593918547487 0.3919322686792227
65.73797879891956 0.3788151406512135
65.81656574309041 0.38700493796865965
65.89515268726127 0.3968172639164158
65.97373963143212 0.41821852186162367
66.05232657560298 0.43363820556117333
66.13091351977383 0.44085769586513485
66.20950046394468 0.43923325885171566
66.28808740811554 0.4321570270976047
66.3666743522864 0.40606463621136724
66.44526129645725 0.3866871728620425
66.5238482406281 0.3609188991702997
66.60243518479895 0.3529085559828899
66.68102212896981 0.3479629302497211
66.75960907314067 0.3625218885862015
66.83819601731152 0.3881537858897408
66.91678296148237 0.40952302574228705
66.99536990565322 0.4216265812949179
67.07395684982409 0.4153526543632051
67.15254379399494 0.3959443808349448
67.23113073816579 0.36427405213774167
67.30971768233664 0.33635699739294955
67.3883046265075 0.32209751551321886
67.46689157067836 0.321096243336995
67.54547851484921 0.3311138703738605
67.62406545902006 0.35001561790114605
67.70265240319091 0.3685145250441777
67.78123934736178 0.3839314558512821
67.85982629153263 0.38271941637230755
67.93841323570348 0.3747306545522057
68.01700017987433 0.3545610966813022
68.09558712404518 0.3345995422529503
68.17417406821605 0.31225657244712196
68.2527610123869 0.2966879234948719
68.33134795655775 0.2944498710869104
68.4099349007286 0.3025952810013677
68.48852184489945 0.318714357903898
68.56710878907032 0.3451847717171061
68.64569573324117 0.3620189621761618
68.72428267741202 0.3621270048764633
68.80286962158287 0.3498805352931251
68.88145656575372 0.3228857266452136
68.96004350992459 0.2936533612486344
69.03863045409544 0.27105845742187873
69.11721739826629 0.2608883582454968
69.19580434243714 0.26895428899193063
69.274391286608 0.28978996433396614
69.35297823077886 0.31312311895686545
69.43156517494971 0.33206152740265565
69.51015211912056 0.33804595354543066
69.58873906329141 0.32559080347653946
69.66732600746226 0.3095424986352267
69.74591295163313 0.2820732089423522
69.82449989580398 0.25851917626276893
69.90308683997483 0.24917282892998832
69.98167378414568 0.24672671639925733
70.06026072831654 0.2548411535390992
70.1388476724874 0.2723999198017773
70.21743461665825 0.2905786275282642
70.2960215608291 0.30351447808771176
70.37460850499996 0.3058477456986201
70.4531954491708 0.3012851142415475
70.53178239334167 0.2751729763142925
70.61036933751252 0.259313172398359
70.68895628168337 0.23685830222299534
70.76754322585423 0.22522175766833527
70.84613017002508 0.22198264736669998
70.92471711419594 0.22849998246703418
71.0033040583668 0.24701503693718316
71.08189100253765 0.27181419816984526
71.1604779467085 0.2881345029070427
71.23906489087936 0.2902046297343502
71.31765183505021 0.2767410836780276
71.39623877922106 0.25062363051841446
71.47482572339192 0.2214549028125834
71.55341266756277 0.20265270283892564
71.63199961173363 0.19353668521769912
71.71058655590448 0.19863397626990567
71.78917350007534 0.21724502690212527
71.86776044424619 0.24308572549750448
71.94634738841704 0.26201773310286713
72.0249343325879 0.27277022884719593
72.10352127675876 0.26154287731906334
72.1821082209296 0.23934165589548922
72.26069516510046 0.21215197655296456
72.33928210927131 0.1899566628524187
72.41786905344217 0.17682243149216917
72.49645599761303 0.17659882803090726
72.57504294178388 0.18788055231837947
72.65362988595473 0.21336200410283732
72.73221683012558 0.23291713184152152
72.81080377429645 0.24244060678609736
72.8893907184673 0.24239355426155487
72.96797766263815 0.22905603973094218
73.046564606809 0.20649502941190553
73.12515155097985 0.18488458032232924
73.20373849515072 0.16771537197319983
73.28232543932157 0.1599712301432014
73.36091238349242 0.16510023357709502
73.43949932766327 0.17786090545635877
73.51808627183412 0.19556851157047567
73.59667321600499 0.21327761206758677
73.67526016017584 0.21918393614768034
73.75384710434669 0.21657322237950422
73.83243404851754 0.2002218210117257
73.91102099268839 0.18238641365662375
73.98960793685926 0.16506594010706566
74.06819488103011 0.15138361665034641
74.14678182520096 0.14328664369475655
74.22536876937181 0.14651043039783046
74.30395571354266 0.15789632909002962
74.38254265771353 0.17616603048743987
74.46112960188438 0.19301394529854896
74.53971654605523 0.20261476739158885
74.61830349022608 0.1974152040087131
74.69689043439693 0.18396118690757643
74.7754773785678 0.1630912574450945
74.85406432273865 0.14163900954492867
74.9326512669095 0.12723562522200055
75.01123821108035 0.11771447900066288
75.08982515525122 0.12381760966359075
75.16841209942207 0.14133150589192087
75.24699904359292 0.16249221219836435
75.32558598776377 0.18433852927531663
75.40417293193462 0.19226521233240168
75.48275987610549 0.18331843441833537
75.56134682027634 0.16054502868099227
75.63993376444719 0.13562344935640427
75.71852070861804 0.11091408062511078
75.7971076527889 0.0965541419723355
75.87569459695976 0.0957372900430372
75.95428154113061 0.11013557069902416
76.03286848530146 0.13436700295376128
76.11145542947231 0.16209872461807498
76.19004237364317 0.17874591520885974
76.26862931781403 0.17419935505019388
76.34721626198488 0.15814216570160217
76.42580320615573 0.13226036555950044
76.50439015032659 0.10260467303708137
76.58297709449744 0.08069389765370133
76.6615640386683 0.07466346103917303
76.74015098283915 0.08288114763158408
76.81873792701 0.10652348118747365
76.89732487118086 0.1353471728397579
76.97591181535171 0.15675282874339996
77.05449875952257 0.16388455977930325
77.13308570369342 0.15369528529320925
77.21167264786428 0.12781165210086032
77.29025959203513 0.0954374824304684
77.36884653620598 0.07199153286186437
77.44743348037684 0.05802191272938783
77.5260204245477 0.06232189779727556
77.60460736871855 0.08163730048190503
77.6831943128894 0.10741625010309515
77.76178125706025 0.1333142393700748
77.84036820123112 0.14542271848898575
77.91895514540197 0.1411323065365933
77.99754208957282 0.12143473157489734
78.07612903374367 0.09382468567376284
78.15471597791452 0.06715120085566446
78.23330292208539 0.04908873461099869
78.31188986625624 0.046054397783778296
78.39047681042709 0.05883709049905787
78.46906375459794 0.08046510308643308
78.54765069876879 0.10571841660858024
78.62623764293966 0.12272303226875873
78.70482458711051 0.12756303399073135
78.78341153128136 0.11292290109714513
78.86199847545221 0.08936048918173618
78.94058541962308 0.06360935452644095
79.01917236379393 0.0451369114920755
79.09775930796478 0.036159974466681774
79.17634625213563 0.040333566213272436
79.25493319630648 0.05661834670364544
79.33352014047735 0.078056649779002
79.4121070846482 0.09736131555069835
79.49069402881905 0.10570168785462937
79.5692809729899 0.10104499415977958
79.64786791716075 0.08469379275347004
79.72645486133162 0.06081955681461483
79.80504180550247 0.04102365009626664
79.88362874967332 0.029900853802876125
79.96221569384417 0.029089946269810013
80.04080263801502 0.03810511413403321
80.11938958218589 0.053804713913271074
80.19797652635674 0.07005796285591949
80.27656347052759 0.08262494917420282
80.35515041469844 0.08340825274044582
80.4337373588693 0.07311863803341866
80.51232430304016 0.05713555492905819
80.59091124721101 0.03986972982233868
80.66949819138186 0.02687670492514418
80.74808513555271 0.02032959791671361
80.82667207972356 0.024397570069691406
80.90525902389443 0.03342109800678529
80.98384596806528 0.046185392158589106
81.06243291223613 0.057668633382357844
81.14101985640698 0.06133525444311181
81.21960680057784 0.05916712129645933
81.2981937447487 0.049700737242044914
81.37678068891955 0.0362636368328833
81.4553676330904 0.024464994375663202
81.53395457726126 0.015776208641742836
81.6125415214321 0.01472588076096104
81.69112846560297 0.017665390388569905
81.76971540977382 0.025977274518735213
81.84830235394467 0.034662022741714815
81.92688929811553 0.039721032805585074
82.00547624228638 0.04029683997405294
82.08406318645724 0.036169695636424644
82.1626501306281 0.02911372121750977
82.24123707479895 0.019869033573317714
82.3198240189698 0.01246955249162047
82.39841096314066 0.00898159346364767
82.47699790731151 0.008138171359082801
82.55558485148237 0.010380309094232886
82.63417179565322 0.014508808814413349
82.71275873982407 0.018356632359506776
82.79134568399493 0.020603652816000538
82.86993262816578 0.01999061006099168
82.94851957233664 0.016518657338681072
83.02710651650749 0.01193820811335838
83.10569346067834 0.007693663470856712
83.1842804048492 0.004264036328043985
83.26286734902006 0.002335014599189669
83.3414542931909 0.0008470332168020965
83.42004123736176 0.0003121359558376103
83.49862818153261 7.62280886449748e-05
83.57721512570347 2.0769930551426002e-05
